10.0000   10.0000   10.0000   10.0000   10.0000   10.0000   10.0000   10.0000   10.0000   10.0000
    8.8529    8.8423    8.8220    8.7983    8.7849    8.7849    8.7983    8.8222    8.8425    8.8532
    7.7168    7.6944    7.6479    7.5864    7.5567    7.5567    7.5865    7.6481    7.6947    7.7173
    6.6035    6.5708    6.4892    6.3430    6.2990    6.2990    6.3431    6.4895    6.5713    6.6042
    5.5234    5.4967    5.3955    4.9976    4.9976    4.9976    4.9976    5.3958    5.4972    5.5241
    4.4705    4.4974    4.5990    4.9976    4.9976    4.9976    4.9976    4.5992    4.4979    4.4712
    3.3911    3.4239    3.5058    3.6524    3.6965    3.6965    3.6525    3.5061    3.4243    3.3917
    2.2791    2.3017    2.3483    2.4100    2.4398    2.4399    2.4101    2.3485    2.3020    2.2796
    1.1449    1.1556    1.1759    1.1998    1.2132    1.2132    1.1998    1.1760    1.1558    1.1451
         0         0         0         0         0         0         0         0         0         0
