100 iterações
   10,0000   10,0000   10,0000   10,0000   10,0000   10,0000   10,0000   10,0000   10,0000   10,0000
    9,2248    9,2238    9,2218    9,2189    9,2153    9,2115    9,2081    9,2057    9,2049    9,2061
    8,4618    8,4597    8,4555    8,4494    8,4416    8,4332    8,4254    8,4199    8,4178    8,4198
    7,7191    7,7158    7,7092    7,6990    7,6859    7,6712    7,6573    7,6471    7,6427    7,6449
    7,0041    6,9997    6,9902    6,9754    6,9551    6,9311    6,9076    6,8904    6,8824    6,8841
    6,3236    6,3181    6,3061    6,2859    6,2562    6,2180    6,1785    6,1511    6,1383    6,1390
    5,6828    5,6770    5,6637    5,6389    5,5978    5,5377    5,4680    5,4274    5,4101    5,4100
    5,0854    5,0810    5,0694    5,0440    4,9934    4,9008    4,7614    4,7128    4,6969    4,6973
    4,5324    4,5318    4,5276    4,5123    4,4677    4,3459    3,9979    3,9979    3,9979    3,9979
    4,0212    4,0268    4,0369    4,0488    4,0564    4,0470    3,9979    3,9979    3,9979    3,9979
    3,5456    3,5580    3,5843    3,6284    3,6993    3,8159    3,9979    3,9979    3,9979    3,9979
    3,0977    3,1151    3,1529    3,2191    3,3331    3,5456    3,9979    3,9979    3,9979    3,9979
    2,6707    2,6897    2,7303    2,7983    2,9037    3,0595    3,2577    3,3346    3,3700    3,3896
    2,2597    2,2776    2,3148    2,3737    2,4570    2,5633    2,6760    2,7484    2,7915    2,8171
    1,8623    1,8775    1,9082    1,9550    2,0170    2,0901    2,1631    2,2197    2,2586    2,2832
    1,4763    1,4883    1,5120    1,5469    1,5914    1,6418    1,6915    1,7331    1,7641    1,7846
    1,0999    1,1086    1,1255    1,1501    1,1806    1,2145    1,2478    1,2768    1,2994    1,3148
    0,7305    0,7361    0,7469    0,7624    0,7815    0,8024    0,8231    0,8414    0,8560    0,8661
    0,3650    0,3677    0,3730    0,3805    0,3897    0,3997    0,4095    0,4184    0,4255    0,4306
         0         0         0         0         0         0         0         0         0         0


200 iterações   
   10,0000   10,0000   10,0000   10,0000   10,0000   10,0000   10,0000   10,0000   10,0000   10,0000
    9,4044    9,4025    9,3990    9,3939    9,3877    9,3810    9,3746    9,3692    9,3655    9,3639
    8,8125    8,8088    8,8015    8,7910    8,7779    8,7637    8,7499    8,7385    8,7307    8,7273
    8,2277    8,2220    8,2106    8,1937    8,1725    8,1489    8,1259    8,1071    8,0945    8,0889
    7,6531    7,6452    7,6293    7,6052    7,5737    7,5375    7,5019    7,4736    7,4552    7,4472
    7,0918    7,0820    7,0615    7,0292    6,9848    6,9306    6,8756    6,8348    6,8103    6,8000
    6,5466    6,5355    6,5116    6,4715    6,4114    6,3302    6,2406    6,1854    6,1565    6,1455
    6,0195    6,0087    5,9845    5,9405    5,8656    5,7445    5,5772    5,5155    5,4909    5,4828
    5,5105    5,5027    5,4843    5,4473    5,3728    5,2115    4,8145    4,8145    4,8145    4,8145
    5,0168    5,0149    5,0100    4,9987    4,9738    4,9198    4,8145    4,8145    4,8145    4,8145
    4,5325    4,5377    4,5494    4,5711    4,6106    4,6845    4,8145    4,8145    4,8145    4,8145
    4,0506    4,0615    4,0862    4,1326    4,2199    4,3981    4,8145    4,8145    4,8145    4,8145
    3,5649    3,5784    3,6081    3,6600    3,7450    3,8779    4,0561    4,1230    4,1512    4,1630
    3,0724    3,0858    3,1141    3,1605    3,2285    3,3183    3,4159    3,4770    3,5106    3,5264
    2,5723    2,5840    2,6080    2,6451    2,6956    2,7563    2,8175    2,8637    2,8930    2,9079
    2,0657    2,0749    2,0935    2,1214    2,1573    2,1984    2,2389    2,2718    2,2943    2,3064
    1,5538    1,5605    1,5739    1,5933    1,6178    1,6450    1,6715    1,6938    1,7098    1,7186
    1,0381    1,0424    1,0509    1,0632    1,0784    1,0950    1,1111    1,1249    1,1350    1,1407
    0,5198    0,5219    0,5261    0,5320    0,5392    0,5471    0,5547    0,5613    0,5662    0,5689
         0         0         0         0         0         0         0         0         0         0



300 iterações
   10,0000   10,0000   10,0000   10,0000   10,0000   10,0000   10,0000   10,0000   10,0000   10,0000
    9,4373    9,4354    9,4316    9,4261    9,4194    9,4122    9,4052    9,3992    9,3950    9,3929
    8,8770    8,8730    8,8651    8,8538    8,8398    8,8244    8,8096    8,7971    8,7883    8,7839
    8,3213    8,3151    8,3028    8,2847    8,2620    8,2368    8,2122    8,1919    8,1778    8,1708
    7,7726    7,7641    7,7469    7,7211    7,6876    7,6492    7,6114    7,5810    7,5608    7,5511
    7,2334    7,2227    7,2007    7,1662    7,1191    7,0620    7,0041    6,9610    6,9343    6,9221
    6,7060    6,6939    6,6680    6,6252    6,5616    6,4765    6,3832    6,3254    6,2944    6,2813
    6,1920    6,1801    6,1535    6,1061    6,0268    5,9004    5,7280    5,6639    5,6378    5,6281
    5,6913    5,6823    5,6612    5,6202    5,5402    5,3717    4,9656    4,9656    4,9656    4,9656
    5,2011    5,1978    5,1901    5,1746    5,1436    5,0813    4,9656    4,9656    4,9656    4,9656
    4,7155    4,7193    4,7283    4,7458    4,7795    4,8454    4,9656    4,9656    4,9656    4,9656
    4,2274    4,2370    4,2593    4,3020    4,3844    4,5561    4,9656    4,9656    4,9656    4,9656
    3,7310    3,7435    3,7710    3,8199    3,9011    4,0296    4,2041    4,2691    4,2960    4,3063
    3,2235    3,2360    3,2627    3,3067    3,3717    3,4584    3,5532    3,6121    3,6439    3,6579
    2,7044    2,7154    2,7381    2,7735    2,8217    2,8800    2,9390    2,9832    3,0107    3,0239
    2,1754    2,1841    2,2018    2,2282    2,2626    2,3019    2,3406    2,3718    2,3928    2,4033
    1,6383    1,6447    1,6573    1,6758    1,6991    1,7250    1,7503    1,7713    1,7860    1,7936
    1,0953    1,0995    1,1076    1,1192    1,1336    1,1494    1,1647    1,1776    1,1868    1,1917
    0,5486    0,5506    0,5546    0,5602    0,5671    0,5745    0,5817    0,5879    0,5923    0,5947
         0         0         0         0         0         0         0         0         0         0

400 iterações
   10,0000   10,0000   10,0000   10,0000   10,0000   10,0000   10,0000   10,0000   10,0000   10,0000
    9,4434    9,4415    9,4376    9,4321    9,4253    9,4179    9,4108    9,4048    9,4005    9,3983
    8,8889    8,8849    8,8769    8,8654    8,8512    8,8357    8,8207    8,8080    8,7990    8,7944
    8,3386    8,3323    8,3198    8,3016    8,2786    8,2531    8,2282    8,2075    8,1932    8,1859
    7,7947    7,7861    7,7687    7,7426    7,7087    7,6699    7,6317    7,6009    7,5804    7,5703
    7,2596    7,2488    7,2265    7,1916    7,1440    7,0863    7,0279    6,9843    6,9573    6,9447
    6,7355    6,7232    6,6970    6,6536    6,5894    6,5036    6,4096    6,3513    6,3200    6,3065
    6,2239    6,2118    6,1848    6,1368    6,0566    5,9293    5,7559    5,6914    5,6650    5,6550
    5,7248    5,7155    5,6939    5,6522    5,5712    5,4013    4,9936    4,9936    4,9936    4,9936
    5,2352    5,2317    5,2235    5,2071    5,1750    5,1112    4,9936    4,9936    4,9936    4,9936
    4,7493    4,7529    4,7614    4,7781    4,8107    4,8752    4,9936    4,9936    4,9936    4,9936
    4,2602    4,2696    4,2913    4,3334    4,4148    4,5853    4,9936    4,9936    4,9936    4,9936
    3,7618    3,7740    3,8012    3,8496    3,9300    4,0577    4,2315    4,2962    4,3228    4,3329
    3,2514    3,2638    3,2902    3,3338    3,3983    3,4843    3,5786    3,6371    3,6686    3,6822
    2,7289    2,7398    2,7622    2,7972    2,8451    2,9030    2,9615    3,0053    3,0325    3,0453
    2,1957    2,2043    2,2218    2,2480    2,2820    2,3210    2,3594    2,3903    2,4110    2,4213
    1,6539    1,6602    1,6728    1,6911    1,7142    1,7399    1,7648    1,7856    1,8001    1,8075
    1,1060    1,1100    1,1180    1,1296    1,1438    1,1595    1,1746    1,1873    1,1964    1,2011
    0,5540    0,5560    0,5598    0,5654    0,5722    0,5796    0,5867    0,5928    0,5972    0,5994
         0         0         0         0         0         0         0         0         0         0

500 iterações

   10,0000   10,0000   10,0000   10,0000   10,0000   10,0000   10,0000   10,0000   10,0000   10,0000
    9,4446    9,4426    9,4387    9,4332    9,4264    9,4190    9,4119    9,4058    9,4015    9,3993
    8,8911    8,8871    8,8791    8,8676    8,8533    8,8378    8,8227    8,8100    8,8010    8,7963
    8,3418    8,3355    8,3230    8,3047    8,2817    8,2561    8,2312    8,2104    8,1960    8,1887
    7,7988    7,7901    7,7727    7,7466    7,7126    7,6737    7,6355    7,6046    7,5840    7,5739
    7,2644    7,2536    7,2312    7,1963    7,1486    7,0908    7,0324    6,9886    6,9615    6,9488
    6,7410    6,7286    6,7023    6,6589    6,5945    6,5086    6,4145    6,3561    6,3247    6,3112
    6,2299    6,2177    6,1906    6,1424    6,0621    5,9347    5,7611    5,6965    5,6700    5,6600
    5,7310    5,7217    5,7000    5,6581    5,5770    5,4068    4,9988    4,9988    4,9988    4,9988
    5,2415    5,2380    5,2297    5,2132    5,1808    5,1168    4,9988    4,9988    4,9988    4,9988
    4,7556    4,7592    4,7675    4,7841    4,8165    4,8807    4,9988    4,9988    4,9988    4,9988
    4,2662    4,2756    4,2973    4,3392    4,4204    4,5907    4,9988    4,9988    4,9988    4,9988
    3,7675    3,7797    3,8068    3,8550    3,9354    4,0629    4,2366    4,3012    4,3277    4,3378
    3,2566    3,2690    3,2953    3,3388    3,4032    3,4891    3,5833    3,6418    3,6732    3,6868
    2,7334    2,7443    2,7667    2,8016    2,8494    2,9072    2,9657    3,0094    3,0366    3,0493
    2,1994    2,2081    2,2255    2,2517    2,2857    2,3246    2,3629    2,3938    2,4144    2,4246
    1,6568    1,6631    1,6756    1,6939    1,7170    1,7426    1,7675    1,7883    1,8027    1,8101
    1,1079    1,1120    1,1200    1,1315    1,1457    1,1613    1,1764    1,1892    1,1982    1,2028
    0,5550    0,5569    0,5608    0,5664    0,5732    0,5805    0,5877    0,5937    0,5981    0,6003
         0         0         0         0         0         0         0         0         0         0

500 iterações 2 casa decimais

10,00	10,00	10,00	10,00	10,00	10,00	10,00	10,00	10,00	10,00
9,44	9,44	9,44	9,43	9,43	9,42	9,41	9,41	9,40	9,40
8,89	8,89	8,88	8,87	8,85	8,84	8,82	8,81	8,80	8,80
8,34	8,34	8,32	8,30	8,28	8,26	8,23	8,21	8,20	8,19
7,80	7,79	7,77	7,75	7,71	7,67	7,64	7,60	7,58	7,57
7,26	7,25	7,23	7,20	7,15	7,09	7,03	6,99	6,96	6,95
6,74	6,73	6,70	6,66	6,59	6,51	6,41	6,36	6,32	6,31
6,23	6,22	6,19	6,14	6,06	5,93	5,76	5,70	5,67	5,66
5,73	5,72	5,70	5,66	5,58	5,41	5,00	5,00	5,00	5,00
5,24	5,24	5,23	5,21	5,18	5,12	5,00	5,00	5,00	5,00
4,76	4,76	4,77	4,78	4,82	4,88	5,00	5,00	5,00	5,00
4,27	4,28	4,30	4,34	4,42	4,59	5,00	5,00	5,00	5,00
3,77	3,78	3,81	3,86	3,94	4,06	4,24	4,30	4,33	4,34
3,26	3,27	3,30	3,34	3,40	3,49	3,58	3,64	3,67	3,69
2,73	2,74	2,77	2,80	2,85	2,91	2,97	3,01	3,04	3,05
2,20	2,21	2,23	2,25	2,29	2,32	2,36	2,39	2,41	2,42
1,66	1,66	1,68	1,69	1,72	1,74	1,77	1,79	1,80	1,81
1,11	1,11	1,12	1,13	1,15	1,16	1,18	1,19	1,20	1,20
0,56	0,56	0,56	0,57	0,57	0,58	0,59	0,59	0,60	0,60
0,00	0,00	0,00	0,00	0,00	0,00	0,00	0,00	0,00	0,00

600 iterações
10,0000   10,0000   10,0000   10,0000   10,0000   10,0000   10,0000   10,0000   10,0000   10,0000
    9,4448    9,4428    9,4389    9,4334    9,4266    9,4192    9,4121    9,4060    9,4017    9,3995
    8,8915    8,8875    8,8795    8,8680    8,8537    8,8382    8,8231    8,8104    8,8013    8,7967
    8,3424    8,3361    8,3236    8,3053    8,2823    8,2566    8,2317    8,2110    8,1966    8,1892
    7,7995    7,7909    7,7735    7,7473    7,7134    7,6745    7,6362    7,6053    7,5847    7,5745
    7,2653    7,2545    7,2321    7,1972    7,1494    7,0916    7,0332    6,9894    6,9623    6,9496
    6,7420    6,7296    6,7033    6,6599    6,5955    6,5096    6,4154    6,3570    6,3256    6,3120
    6,2310    6,2188    6,1917    6,1435    6,0632    5,9357    5,7621    5,6974    5,6709    5,6609
    5,7321    5,7228    5,7011    5,6592    5,5780    5,4078    4,9998    4,9998    4,9998    4,9998
    5,2427    5,2391    5,2308    5,2143    5,1819    5,1178    4,9998    4,9998    4,9998    4,9998
    4,7568    4,7603    4,7687    4,7852    4,8176    4,8817    4,9998    4,9998    4,9998    4,9998
    4,2673    4,2767    4,2984    4,3403    4,4215    4,5917    4,9998    4,9998    4,9998    4,9998
    3,7686    3,7808    3,8079    3,8561    3,9364    4,0639    4,2375    4,3021    4,3287    4,3387
    3,2576    3,2699    3,2962    3,3397    3,4041    3,4900    3,5842    3,6426    3,6741    3,6876
    2,7343    2,7451    2,7675    2,8024    2,8502    2,9080    2,9665    3,0102    3,0373    3,0500
    2,2001    2,2088    2,2262    2,2524    2,2863    2,3252    2,3635    2,3944    2,4150    2,4252
    1,6574    1,6637    1,6762    1,6945    1,7175    1,7431    1,7680    1,7888    1,8032    1,8105
    1,1083    1,1124    1,1203    1,1319    1,1461    1,1617    1,1768    1,1895    1,1985    1,2032
    0,5551    0,5571    0,5610    0,5666    0,5733    0,5807    0,5878    0,5939    0,5982    0,6005
         0         0         0         0         0         0         0         0         0         0
