   10.0000   10.0000   10.0000   10.0000   10.0000   10.0000   10.0000   10.0000   10.0000   10.0000 
    9.4014    9.3996    9.3960    9.3909    9.3846    9.3777    9.3711    9.3655    9.3615    9.3595
    8.8068    8.8030    8.7957    8.7850    8.7718    8.7573    8.7432    8.7313    8.7229    8.7188
    8.2194    8.2136    8.2021    8.1851    8.1637    8.1397    8.1163    8.0969    8.0834    8.0768
    7.6425    7.6345    7.6185    7.5942    7.5625    7.5260    7.4898    7.4608    7.4414    7.4321
    7.0792    7.0693    7.0487    7.0163    6.9717    6.9172    6.8616    6.8202    6.7945    6.7828
    6.5324    6.5213    6.4973    6.4572    6.3969    6.3155    6.2255    6.1696    6.1398    6.1271
    6.0041    5.9934    5.9691    5.9251    5.8502    5.7290    5.5616    5.4995    5.4742    5.4648
    5.4943    5.4866    5.4682    5.4312    5.3569    5.1957    4.7991    4.7991    4.7991    4.7991
    5.0003    4.9985    4.9936    4.9824    4.9576    4.9039    4.7991    4.7991    4.7991    4.7991
    4.5162    4.5214    4.5331    4.5548    4.5945    4.6687    4.7991    4.7991    4.7991    4.7991
    4.0348    4.0456    4.0703    4.1168    4.2042    4.3825    4.7991    4.7991    4.7991    4.7991
    3.5500    3.5635    3.5931    3.6449    3.7299    3.8627    4.0407    4.1072    4.1347    4.1452
    3.0587    3.0721    3.1004    3.1466    3.2144    3.3040    3.4012    3.4617    3.4943    3.5085
    2.5603    2.5720    2.5958    2.6329    2.6831    2.7434    2.8042    2.8496    2.8779    2.8914
    2.0556    2.0649    2.0834    2.1110    2.1468    2.1875    2.2275    2.2597    2.2813    2.2922
    1.5460    1.5527    1.5660    1.5853    1.6096    1.6364    1.6625    1.6843    1.6995    1.7073
    1.0328    1.0371    1.0456    1.0577    1.0727    1.0891    1.1049    1.1183    1.1279    1.1329
    0.5171    0.5192    0.5233    0.5292    0.5364    0.5441    0.5516    0.5580    0.5626    0.5650
         0         0         0         0         0         0         0         0         0         0
		 
   10.0000   10.0000   10.0000   10.0000   10.0000   10.0000   10.0000   10.0000   10.0000   10.0000
    9.3596    9.3619    9.3662    9.3722    9.3793    9.3867    9.3935    9.3992    9.4034    9.4059
    8.7190    8.7238    8.7328    8.7454    8.7603    8.7758    8.7901    8.8019    8.8105    8.8155
    8.0772    8.0846    8.0989    8.1194    8.1440    8.1693    8.1924    8.2111    8.2244    8.2320
    7.4325    7.4427    7.4631    7.4935    7.5311    7.5695    7.6033    7.6298    7.6482    7.6585
    6.7832    6.7959    6.8226    6.8655    6.9228    6.9796    7.0268    7.0619    7.0853    7.0980
    6.1275    6.1410    6.1718    6.2291    6.3211    6.4052    6.4685    6.5118    6.5391    6.5535
    5.4651    5.4751    5.5011    5.5643    5.7338    5.8582    5.9367    5.9844    6.0124    6.0267
    4.7991    4.7991    4.7991    4.7991    5.1984    5.3642    5.4429    5.4840    5.5064    5.5179
    4.7991    4.7991    4.7991    4.7991    4.9060    4.9646    4.9940    5.0095    5.0185    5.0242
    4.7991    4.7991    4.7991    4.7991    4.6708    4.6015    4.5663    4.5489    4.5413    4.5399
    4.7991    4.7991    4.7991    4.7991    4.3851    4.2114    4.1282    4.0858    4.0650    4.0578
    4.1455    4.1356    4.1088    4.0434    3.8673    3.7377    3.6562    3.6079    3.5818    3.5718
    3.5089    3.4955    3.4638    3.4047    3.3094    3.2223    3.1574    3.1142    3.0890    3.0787
    2.8918    2.8793    2.8520    2.8079    2.7488    2.6906    2.6427    2.6082    2.5870    2.5780
    2.2926    2.2826    2.2619    2.2309    2.1924    2.1533    2.1195    2.0938    2.0775    2.0704
    1.7077    1.7005    1.6861    1.6654    1.6404    1.6148    1.5920    1.5742    1.5625    1.5575
    1.1331    1.1286    1.1197    1.1069    1.0919    1.0763    1.0623    1.0512    1.0438    1.0406
    0.5651    0.5630    0.5587    0.5526    0.5455    0.5382    0.5315    0.5262    0.5226    0.5211
         0         0         0         0         0         0         0         0         0         0


